Prima calibrazione

width
640

height
480

[narrow_stereo]

camera matrix
453.654203 0.000000 364.322672
0.000000 454.322651 270.365284
0.000000 0.000000 1.000000

distortion
-0.273478 0.072783 0.003901 -0.000602 0.000000

rectification
1.000000 0.000000 0.000000
0.000000 1.000000 0.000000
0.000000 0.000000 1.000000

projection
378.848114 0.000000 380.070294 0.000000
0.000000 411.931793 278.365347 0.000000
0.000000 0.000000 1.000000 0.000000
______________________________________________-

Seconda cal

width
640

height
480

[narrow_stereo]

camera matrix
477.027488 0.000000 321.356676
0.000000 480.240418 239.443510
0.000000 0.000000 1.000000

distortion
-0.328681 0.116164 0.001658 -0.001631 0.000000

rectification
1.000000 0.000000 0.000000
0.000000 1.000000 0.000000
0.000000 0.000000 1.000000

projection
399.244781 0.000000 319.817819 0.000000
0.000000 437.858551 240.193889 0.000000
0.000000 0.000000 1.000000 0.000000
__________________________________
Terza cal

[image]

width
640

height
480

[narrow_stereo]

camera matrix
575.407063 0.000000 392.952424
0.000000 572.733663 256.805741
0.000000 0.000000 1.000000

distortion
-0.310832 0.140048 -0.005256 -0.007508 0.000000

rectification
1.000000 0.000000 0.000000
0.000000 1.000000 0.000000
0.000000 0.000000 1.000000

projection
517.612549 0.000000 400.977651 0.000000
0.000000 540.829285 256.819184 0.000000
0.000000 0.000000 1.000000 0.000000


